# Created by Octave 4.2.2, Thu Apr 15 22:53:12 2021 IST <surya@jarvis>
# name: Y
# type: matrix
# rows: 50
# columns: 50
 -21.5 -24.4 -24.2 -19.1 -32.8 -9.5 -25.4 -29 -30.2 -14.7 -15.8 -23.9 -21.8 -12.8 -11.8 -27.8 -24.2 -14.6 -12.2 -18 -14.9 -11.4 -12.5 -21.2 -19.3 -24.5 -21.4 -12.4 -16 -15.9 -18.8 -14.8 -17.5 -18.8 -22.8 -19.2 -11.3 -3.4 -23.5 -23.8 -19.8 -18 -14.1 -8 -22.2 -26.7 -19.1 -21.8 -27 -18.3
 -15.2 -13.9 -18.4 -32.8 -7.6 -9.6 -17.6 -10.6 -10.2 -17.1 -17.4 -14.8 -19.5 -21.3 -22.6 -10.2 -13.2 -28.5 -13.9 -9.5 -2.7 -4.6 -4.2 -15.5 -18.8 -10.5 -4.9 -6.1 -14.4 -10.5 -5.3 -0.8 -10.7 -0.6 -12.8 -7.7 -5.3 -8.9 -6.1 -7.4 -2.5 -2.7 -8.1 -12.1 -9.5 -18.4 -13.8 -21.6 -18.7 -9.199999999999999
 -1.8 -11.4 -19.5 -0.2 -15.3 9 -0.2 -6.8 -2.6 -16.6 7 -16.9 -6.4 -10.8 -0.3 3.1 -4 -16.7 -13.3 -3.7 -8.9 -8.4 1.5 -17 -4.7 -9.699999999999999 -2.2 -3.8 -5.1 0.5 0.8 3.6 -5.3 -10.1 -10.5 -13.1 0.1 -3.2 -18.4 -7.3 -4.2 -3.5 -9.1 1.3 9 -1.2 -6.1 3.5 -12.5 -10.2
 -9.6 -9.4 -10.4 -13.9 -18.4 -5.3 -16.6 -5.6 -3 -13.7 0.3 -9.1 -5.8 -2.9 -4.8 -0.2 7.5 -15.9 -15 -7.8 -20.4 -7.6 -10.7 -0.2 9 -15.1 -5.1 -15.9 1.5 -7.1 -5.3 -4.8 -0.2 1.2 -1.4 -16.7 -1.3 -2.7 1.8 -1.2 -9.1 -4.4 -2.9 -0.1 -7.2 -2.4 -7.9 2.3 -15.2 -10.9
 10.3 8.800000000000001 7.7 7 9.9 12.7 11.1 21.5 7.9 9.1 11.8 9.1 12.1 22 12.9 5 7.6 13.1 3.1 15.3 24.4 8.699999999999999 7.7 -1.6 19.9 14.2 1.1 17.1 12.5 10.3 17.5 12.1 -4.6 17.1 15.5 15.8 8.199999999999999 13.4 18.6 0.7 15.5 14.2 25.3 5.1 19.6 21 9 9.5 12.9 5.2
 6.1 0.7 2.5 2.9 9.4 -1.1 12.6 9.1 3.1 0.2 9.300000000000001 0.4 -5.9 -2.9 7.4 3 8.300000000000001 -1.2 -8.5 -10 -5 2.9 -0.1 -2 8 2.1 6.2 11.5 -2.1 10.7 11.9 8.9 5.6 8.800000000000001 -6.7 -2 4.8 -5.1 -8.300000000000001 9 -4.3 15.3 8.1 10 12.5 18 8.1 1.7 8.300000000000001 8.199999999999999
 19.8 22.1 28.6 11.5 15.9 -0 6.8 7.7 18.7 18.2 14 23.4 10.2 17.1 14 22.6 14.9 23.8 18 17.3 11.9 17.1 12.4 11.9 17.2 7.6 18.5 -2.2 11.2 2.4 14.2 8.199999999999999 22.6 6 17.1 23.9 5.3 10.6 10.9 24.4 16.9 7.7 15.7 5.6 7.3 4.5 13.9 13.8 21.8 13
 14.1 13.2 16.7 15.9 7.5 18.2 26.5 22.3 13.1 11.4 14.6 22.3 24.7 14.1 24.2 11.6 15 9.800000000000001 9.4 20.7 9.5 20.2 20.9 23.6 23 22.6 6.3 8 13.6 27.3 17.9 27.8 9.1 23.3 21.4 14.1 22 11.2 7.2 17.4 19.1 9.199999999999999 10.2 18.1 21.4 20.4 19.6 19 9.6 19
 -8.9 -20.6 -12.7 -8.1 -13.8 -15 -19.1 -4.9 -9.5 -13.6 -6.5 -11.5 -12.5 -13.7 -5.2 -6.3 -15.9 -6.6 -12.3 -10.1 6.5 -26.9 -5.4 -9.1 -15.2 -13.9 -17.4 -2.9 -12.8 -11.3 -9.4 -16 -11.7 -2.8 -10.7 -10.3 -2.3 1.7 -24.6 0.7 1.6 -9 -7.8 -14.9 -6.9 -13.1 -12.6 -10 -6.9 -11.7
 -0.1 3.2 7.1 5.4 2 -0.6 -8.199999999999999 1.6 7.9 -2.1 1.6 10.5 -11.2 11.7 -2.4 -8.1 6.5 11.5 2.4 -2.3 2.9 1.8 -6.7 9.199999999999999 12.8 -2.8 -3.9 -5.5 3.5 -7.7 10.1 -5.5 -2.9 6.5 16 -0.8 -4.7 2.2 -2.5 9.199999999999999 6.2 12.1 14.5 -8.199999999999999 -2.9 -0 3.4 4.6 0.6 6.2
 -3.5 -6.7 -14.2 -10.4 -15.5 -10.4 -11.6 -20.9 -24.1 -13.1 -13.5 -5.4 -10 -14.2 -10.7 -25.6 -17.5 -4.6 -14.5 -8.4 1.1 -10.5 -19.7 -10.2 -17.9 -10.2 -23 -13.8 -17.3 -13.9 -16.9 0.3 -18.7 -10.3 -10.1 -9.6 -15.4 -15.9 -12.6 -18.5 -16.2 -11.2 -31.7 -13.6 0.1 -15.7 -13.1 -17.2 -12.2 -13
 -15.9 -6.5 1.3 -20.8 -14.1 -18.6 -2.5 -11.4 -7.3 -2.3 -10.3 -29.3 -11.9 -3.8 -14.3 -2.5 -12.1 -12.4 -18.4 -10 -20.6 -0.3 -14.8 -21.2 -22.7 -3.7 -15.7 -6.3 -0.2 -13.4 -19.5 -19.1 -8.6 -28.4 1.1 -2.3 -19.3 -11.2 -3.7 -24.6 -5.8 -13.6 -1.8 -6.9 -13.7 -14.6 -2.1 -3.6 -10 -11.4
 -6.7 -9.9 -11.7 -7.7 -5.7 -6.6 -12.2 -11 -12.1 -13.1 6.3 -19.8 -2.5 -25.1 -13 -11.6 -15.3 -15.6 -4.9 -18.9 -20.5 -0.5 -30 -3.6 -5.4 -17.8 -24.6 -17 -19 -4.8 -19 -8 -15.6 -10.9 -7.9 -11.3 -19.6 -20.5 -10.8 -11.7 -12.5 -22.4 -21 -4.3 -5.7 2.6 -1.2 -12.7 -1.3 -11.8
 4.1 -4.3 -12.2 -2.9 11.7 19.9 3.2 9.5 1.3 -2 2.4 -8 1.6 6.4 3.8 -8 2.7 0.9 4.7 -9 17.8 -0.4 -7.2 4.6 6.7 -2.3 -10.2 10 -3.8 6.9 -7.2 9.4 -4.1 9.300000000000001 -1.2 -1.6 -12.2 -1.9 -1.2 1 9.5 12 -0.6 11.1 16.7 8.6 7.2 -0.7 2.7 -10.2
 -1.3 3.4 4 -20.9 -7.6 -13.3 -3.8 -24.7 -10.3 -4.2 1.3 7.9 -0.2 7.4 -1 -24.8 -1 0.6 -6.6 -16 -18.3 -14.5 -11.4 -25.5 -19.7 3.7 -0.5 -16 -13.6 -8.800000000000001 -1 -9.699999999999999 -12 -2 -2.8 -6.4 -6.3 -6.1 -1.3 -13.3 -12.4 -8.300000000000001 -6.5 -17.4 -2.5 -22.2 -14.1 0.3 -0.4 1.4
 6.8 16.4 9.699999999999999 6.6 7.1 11.4 -2.5 -0.6 12.7 16.7 -2.3 4.4 -1.7 -0.4 7.5 7.1 7.6 7.7 13.5 13.9 7.9 9.5 3.9 8.9 0.1 2.3 11.4 -1.9 19.6 -0.9 7.5 4.9 5 -0.1 17.8 16.6 -3.1 1 7.2 9.6 4.7 -4 2.4 1.7 3.8 15.3 8.300000000000001 12.5 6.2 29.3
 10.4 4.2 6.4 -0.8 -3.7 1.1 6.9 0.7 7.2 6.3 -4.5 -7.1 -0.3 9.4 -8.4 -0.9 1.3 4.5 3.2 14.2 6.7 25.3 -3.1 16.3 13.7 -7.7 -9.199999999999999 -0.6 11.6 9 -7.3 7.3 -3.4 15.9 11.2 -13.8 -7.7 14.8 4.2 0.4 3 -2.5 3.7 -7.1 -6.1 9.1 4.3 -0.5 -0.7 9.699999999999999
 19 22 10.5 -15.4 12.1 27.5 5.8 9.300000000000001 6 18.4 4 5.9 5.8 7 11.4 16.2 14.4 10.7 12.4 20 23.8 18.4 11 6.7 28.8 0.7 9.4 13.8 13.7 15.7 17 19.4 18 21.1 10.3 4.1 23.6 14.9 16.2 7 14 6.4 14.6 4.4 17.3 16.3 -0.1 6.6 10.4 16.2
 11.5 12.8 15.4 15.6 17.8 13.2 19.9 24.2 14.5 13.2 9.199999999999999 9.699999999999999 16 -0.8 19.4 10.3 12.7 12.4 18.8 24.1 13.3 2.3 19.5 9.1 9.1 6.5 15.3 6 9.1 10 29.6 12 17.4 21.2 8.699999999999999 14.8 19.9 8.5 18.2 14.1 7.1 28 8.4 14.8 12.9 12.3 15.4 14.7 6.3 14.3
 -6.9 -5.5 -8.1 -3.4 -6.9 -7 -1.3 -1.8 -18.8 -11 -13.5 3 -3.3 -4.7 -13.7 -14.6 -7.4 -1.1 -10.9 -11.7 -1.1 -13.4 -8.4 2.6 -9.800000000000001 -12.3 -17 -13 -4.1 -4.2 -15.1 -12.2 -1.8 -9.199999999999999 -9.800000000000001 -10.6 -8.300000000000001 -5 -4.3 -12.2 -15.5 -7.1 -20.2 -9.300000000000001 -16 -11.3 -10.8 -7.3 -2.8 -18.3
 26.7 17.1 11.1 2.3 13.2 25 7.8 12.3 16.6 15.6 11.9 5.2 10.8 11.4 18.2 11.6 29.3 10.8 9.5 22.9 10.6 17.6 15 17.4 16.2 15.5 11.2 12.2 17 15.7 15.7 22.2 16.2 20 21.7 10.8 15.1 8.699999999999999 20.7 8.9 10.5 24.2 18.4 23.1 20 12.5 14.2 20.5 11.1 15.8
 10.3 -1.7 4.5 -6.8 -9.5 -3.2 3 -4 9.4 5.1 1.7 9 -2.4 9.4 8.800000000000001 0.5 8.6 -2 -0.5 6.3 -7.6 3.6 -2.5 3.4 10.2 8.300000000000001 2 10.9 5.9 4.8 6.7 3.9 0.8 7.5 5.9 -6.7 4.3 5.4 -8.199999999999999 1.8 -1.9 9.6 -1.9 2.9 3.2 4.6 -4 3 -0.2 19
 7.5 5.5 6.6 25.5 9.6 2.9 17 7 3.1 14.3 18.4 20.7 5 13 22.9 13.6 -2.9 23.9 6.4 9.6 8.9 14.1 19.9 9.199999999999999 23.8 5.1 12.8 14.6 -2.8 0.2 7.6 16.6 16.7 16.1 8.800000000000001 5.9 14.9 21.6 0 9.699999999999999 4.9 15 26.1 14.7 15.1 10.9 7.1 13.8 13 2.5
 24.6 18.5 19.6 11.7 3.8 8.699999999999999 3 -3.6 19 14.1 19.2 3.8 -4.5 0.8 15 17.3 15.9 21.2 10.5 12.7 17.3 21.7 3.9 21 12.6 10 13.9 13.9 24 14.1 18.3 16.2 12.4 15.5 25.4 20.1 6.3 4.1 18.7 15.1 5.4 13.6 7 20.5 13.2 16.3 21.8 14.9 7.2 16.9
 -0.6 -10.2 -12.5 -18.1 -10.3 8.699999999999999 -14.9 -11.3 -3.7 -13.7 0 -12.8 2.7 -2.7 -15.5 -20 -5.9 -7.7 4.7 -2.6 -13.3 -4.2 -12.9 -9.699999999999999 -0.1 -11 -7.7 -9.199999999999999 -15.2 -6.5 -12.3 -6 -7 -6.6 -15 -10.8 0.3 3.3 0.4 -12.3 -11.8 -13.9 -11.4 -2.8 -10.8 -16.5 -15 -23.1 -11.9 -26.5
 9.9 1.7 6.7 -0.2 4.2 3.5 -4 1.2 1.8 4.2 12.2 6.3 22.4 2.2 7.5 10.7 6.9 12.8 10.1 12.3 7.2 -3.1 10.8 7.5 -0.6 -5.2 18.6 3.9 7.5 -0 4 2.3 14.1 10.3 5.5 7.3 16.3 16 11.2 0.9 12 10.1 6.8 8.300000000000001 -1.5 1.3 9.9 6.7 11.4 -5.1
 25.1 25.1 20.8 22.4 14.9 15 16.6 4.7 25.6 10.5 26.1 16.5 7.5 24.3 16.9 17.9 19 25.6 31.7 13.4 14.6 27.5 13.7 11 27.7 21.6 18.8 19.4 13.5 21.9 25.3 18.7 16.2 18.9 17.9 19.9 12.9 13.6 16.6 28.3 10.3 14.1 17.4 14.4 20.5 19.8 14.8 5.8 11.2 24.6
 4 11.9 8.300000000000001 4.3 11 13.2 15.9 -1.7 7.7 9.300000000000001 7.6 0.5 3.9 10.7 8.1 13.4 1 17.2 -7.3 19.2 18.8 8.199999999999999 11.9 6.3 6.7 13.8 15.1 12.2 20 17.2 6.2 16.9 7.1 6.5 15.9 -1.8 11.4 6.1 2.4 -4.3 9.300000000000001 -3.9 11.2 13.3 11.5 7.2 0.4 8.800000000000001 20.5 7.8
 2.9 -1.5 3.4 1.5 -3.5 13.4 19.1 4.7 6.9 5.2 -2.1 2.3 12.4 10.1 -0.1 10.5 5.3 -1.1 -4.3 6.6 -4.3 1.6 5.7 3.6 1.7 5.3 16.9 2.7 13.4 6.2 3.5 10.9 3.6 2.8 2.2 -7.9 7 10.1 -1.3 -5.2 -0.4 -0.4 -0.2 7.7 2.5 11.4 -2.7 11.9 2.3 6.2
 11.9 -0.9 4.2 -1 -0.1 11.7 -4.4 -4.2 7 9.6 0.8 10.2 3.7 2.3 8.800000000000001 8.199999999999999 7.1 0.2 12.6 6.1 1.7 5.4 4.6 1.4 11.8 4.7 14 2.9 15.8 10.8 19.6 11.8 -0.4 5 1.9 6 4.1 10.5 -3.5 11 7 -3.2 1 13.7 13.2 22.9 6.1 2.7 9.5 14
